..104-

16911. Mil. Poen.

v. 166 p. 9 v. 1006 p. 12 v. 61
‚‚ 1010 71 167
180 sq. 1070 88 219
606 1071 92 216
661 1111 14 253
768 1116 96 628
615 1117 76 610
878 1161 61 101
921 1206 66 182
922 1223 19 726
990 1227 29 767
1086 1606 79 ,771
Mil 1109 -69 901
v‘ 9 ’ Mete. 1000

91 91 1 911

253 106 85
285 130 81 Pers.
292 101 21 v. 191
291 111 17 149
307 396 81 1 220
914 111 81 229
921 122 21 1 299
922 ⁶³0 12 991
949 711 12 492
994 191 494
919 100 992
919 110 - ¹ 991
999 111019- 114
919 .
³9⁵ · ll y ·Ru‹l.

999 ⁹⁵¹
406 961 18 4 v. lll

408 116
412 Pseud. 181

427 v. 208 p. 32 000
494 244 41 01019
111 249 91 101
412 211 99 100
999 949 94 100
914 994 29 010
999 999 41 011
999 919 19 ’011
199 991 29 001
929 919 141 1010
991 919 221 ¹¹⁶²
991 1991 421 ¹²³⁴
911 1199 29’ 1000
999 1111 41 Stich.
994 1249 11 v. 99 p. 94
99919. 1299 99 , 94 91

919 949 19 101

 

